RUNTIME_CUBE_V1
cube_count 1
vertex_count 24
index_count 36
vertices
-0.750000 -0.750000 0.750000 0.862745 0.250980 0.250980 1.000000
-0.750000 0.750000 0.750000 0.862745 0.250980 0.250980 1.000000
0.750000 0.750000 0.750000 0.862745 0.250980 0.250980 1.000000
0.750000 -0.750000 0.750000 0.862745 0.250980 0.250980 1.000000
0.750000 -0.750000 -0.750000 0.250980 0.705882 0.352941 1.000000
0.750000 0.750000 -0.750000 0.250980 0.705882 0.352941 1.000000
-0.750000 0.750000 -0.750000 0.250980 0.705882 0.352941 1.000000
-0.750000 -0.750000 -0.750000 0.250980 0.705882 0.352941 1.000000
-0.750000 -0.750000 -0.750000 0.250980 0.431373 0.862745 1.000000
-0.750000 -0.750000 0.750000 0.250980 0.431373 0.862745 1.000000
-0.750000 0.750000 0.750000 0.250980 0.431373 0.862745 1.000000
-0.750000 0.750000 -0.750000 0.250980 0.431373 0.862745 1.000000
0.750000 -0.750000 0.750000 0.862745 0.784314 0.250980 1.000000
0.750000 -0.750000 -0.750000 0.862745 0.784314 0.250980 1.000000
0.750000 0.750000 -0.750000 0.862745 0.784314 0.250980 1.000000
0.750000 0.750000 0.750000 0.862745 0.784314 0.250980 1.000000
-0.750000 0.750000 -0.750000 0.784314 0.313725 0.823529 1.000000
-0.750000 0.750000 0.750000 0.784314 0.313725 0.823529 1.000000
0.750000 0.750000 0.750000 0.784314 0.313725 0.823529 1.000000
0.750000 0.750000 -0.750000 0.784314 0.313725 0.823529 1.000000
-0.750000 -0.750000 -0.750000 0.250980 0.823529 0.823529 1.000000
0.750000 -0.750000 -0.750000 0.250980 0.823529 0.823529 1.000000
0.750000 -0.750000 0.750000 0.250980 0.823529 0.823529 1.000000
-0.750000 -0.750000 0.750000 0.250980 0.823529 0.823529 1.000000
indices
0
1
2
0
2
3
4
5
6
4
6
7
8
9
10
8
10
11
12
13
14
12
14
15
16
17
18
16
18
19
20
21
22
20
22
23
